Length of reads: 50
Number of mismatches: 6
Minimum weight: 9
1111110111	9
1110111111	9
11111101101	9
11110111101	9
11111101011	9
11111011011	9
11110111011	9
11101111011	9
11110110111	9
11011110111	9
11101101111	9
11011101111	9
10111101111	9
11011011111	9
11010111111	9
10110111111	9
111110111001	9
111111001101	9
110011111101	9
101111110011	9
111110100111	9
111001011111	9
100111011111	9
101100111111	9
1110111101001	9
1111100110101	9
1011111001101	9
1111010011101	9
1110100111101	9
1011001111101	9
1101111100011	9
1101111010011	9
1111010110011	9
1101011110011	9
1110111001011	9
1100111101011	9
1110100111011	9
1110010111011	9
1100101111011	9
1100011111011	9
1110110100111	9
1101110100111	9
1101110010111	9
1011110010111	9
1110010110111	9
1101001110111	9
1001011110111	9
1011100101111	9
1100110101111	9
1010110011111	9
11111010110001	9
11110110110001	9
11101101110001	9
10101111110001	9
11111010101001	9
11011101101001	9
11110101011001	9
10111101011001	9
10101111011001	9
11110100111001	9
11110010111001	9
11011010111001	9
10111111000101	9
11101110100101	9
11111001100101	9
11110011100101	9
11011011100101	9
10111011100101	9
10111110010101	9
11111000110101	9
11101001110101	9
11011001110101	9
10110011110101	9
10011011110101	9
10001111110101	9
11011110001101	9
10111110001101	9
10111101001101	9
10101111001101	9
11101001101101	9
11010011101101	9
11101100011101	9
11110010011101	9
11101010011101	9
11011010011101	9
11101001011101	9
11100101011101	9
10100111011101	9
11101000111101	9
11011000111101	9
11100100111101	9
10110010111101	9
10011010111101	9
10110001111101	9
10101001111101	9
11000011111101	9
10100011111101	9
10111111000011	9
11110110100011	9
11110101100011	9
11110101010011	9
11101010110011	9
11011110001011	9
11011101001011	9
10110111001011	9
10111100011011	9
10101110011011	9
10111001011011	9
11100101011011	9
10011101011011	9
11100011011011	9
10100111011011	9
11010010111011	9
10010110111011	9
11010001111011	9
10110001111011	9
11011011000111	9
10111100100111	9
11011010100111	9
10111010100111	9
10111100010111	9
10111010010111	9
10110110010111	9
10101110010111	9
10111001010111	9
11001101010111	9
10111000110111	9
10001110110111	9
10100101110111	9
10111001001111	9
10011101001111	9
10100111001111	9
10011100101111	9
11001010101111	9
10011010101111	9
11000110101111	9
11000101101111	9
10001101101111	9
10101100011111	9
10100110011111	9
10010101011111	9
10001101011111	9
110111110001001	9
111011101001001	9
111101011001001	9
111100110101001	9
111001011011001	9
110001111011001	9
101110100111001	9
110100110111001	9
110010110111001	9
110101001111001	9
110010101111001	9
110111101000101	9
111011100100101	9
111101001100101	9
110111100010101	9
110011110010101	9
110000111110101	9
111011100001101	9
101110110001101	9
111000101101101	9
110001011101101	9
111001001011101	9
100111001011101	9
101100011011101	9
101011111000011	9
111110100100011	9
101101110100011	9
100110111100011	9
111101010010011	9
111100101010011	9
100111101010011	9
100111011010011	9
101010011110011	9
100111011001011	9
100111100101011	9
101010001111011	9
101000101111011	9
100100011111011	9
101101101000111	9
111010100100111	9
101110100100111	9
100110110100111	9
111001001010111	9
101100001110111	9
101001001110111	9
100100101110111	9
110010101001111	9
100101011001111	9
101001100101111	9
110010010101111	9
100100110101111	9
110001001011111	9
1111010110010001	9
1011101001110001	9
1110110100010101	9
1111000100110101	9
1100100011110101	9
1011110001001101	9
1100001011101101	9
1110100100011101	9
1000111001011101	9
1011001000111101	9
1011011101000011	9
1110101100100011	9
1101011100010011	9
1010111100010011	9
1111001010001011	9
1101110001001011	9
1111001000101011	9
1100100011101011	9
1110001010011011	9
1110100000111011	9
1101001000111011	9
1110110100000111	9
1110011010000111	9
1101100101000111	9
1111001000100111	9
1110100010100111	9
1110000101100111	9
1101110000010111	9
1110010100010111	9
1011100010010111	9
1100010011010111	9
1110000010110111	9
1010100010110111	9
1010110010001111	9
1110010001001111	9
1101010001001111	9
1101000101001111	9
1000100110101111	9
11001000111101001	9
11101001000111001	9
11011100000110101	9
11011000001110101	9
11001000011110101	9
11010000111001101	9
10111000001101101	9
11010000011101101	9
11101100000011101	9
11010110000011101	9
10110110000011101	9
11001101000011101	9
11010000110011101	9
11010001000111101	9
11010111000010011	9
10101111000010011	9
10010111100010011	9
11110100010010011	9
11010000111010011	9
11101000010110011	9
10111000010110011	9
10110111000001011	9
10111001100001011	9
10110011100001011	9
11001011100001011	9
10111100010001011	9
11011000001101011	9
10111000001101011	9
11001000011101011	9
11010110000011011	9
10101110000011011	9
11100010100011011	9
11101000000111011	9
10101100000111011	9
11100010110000111	9
11101001001000111	9
11011000101000111	9
11100100101000111	9
11100001101000111	9
11101001000100111	9
11100010100100111	9
11011100000010111	9
11001101000010111	9
11100100010010111	9
10011100010010111	9
11100010010010111	9
10111000000110111	9
11001001000101111	9
111000010011101001	9
110010001101011001	9
110100010100111001	9
111001000101100101	9
101110010100010101	9
111010010001001101	9
111010010000011101	9
110010100100011101	9
111010000010011101	9
111000010010011101	9
101010001010011101	9
100110101100010011	9
101110001001010011	9
110100011001010011	9
110110000101010011	9
100111001010001011	9
110010100110001011	9
110010101000011011	9
101110010010000111	9
100101110010000111	9
101001101000100111	9
101110010000010111	9
101110000010010111	9
101100100010010111	9
1011000100101110001	9
1000111010010001101	9
1110010000010000000000111001	9
1101010000001000000000110101	9
1110100100000000000000011101	9
1110100001000000000000011101	9
1110100000010000000000011101	9
1110100000000100000000011101	9
1110100000000010000000011101	9
1110100000000001000000011101	9
1110100000000000001000011101	9
1110100000000000000100011101	9
1110100000000000000010011101	9
1010110000000001000000101011	9
1101100010000000000000011011	9
1101100000100000000000011011	9
1101100000001000000000011011	9
1101100000000001000000011011	9
1101100000000000010000011011	9
1101100000000000000100011011	9
1001110000000000100000100111	9
1011100100000000000000010111	9
1011100010000000000000010111	9
1011100001000000000000010111	9
1011100000001000000000010111	9
1011100000000100000000010111	9
1011100000000010000000010111	9
1011100000000000100000010111	9
1011100000000000001000010111	9
1011100000000000000010010111	9
11100001000000100000011100001	9
11100001000000010000011100001	9
11100010000001000000001110001	9
11001001000100000000011001001	9
11001001000000100000011001001	9
10101001000000100000010101001	9
10101001000000001000010101001	9
10110010000000000100001011001	9
11001010000010000000001100101	9
10010101000010000000010010101	9
10010101000000100000010010101	9
10011010000100000000001001101	9
10010011000000100000010010011	9
10010011000000000100010010011	9
10100110000000001000001010011	9
10000111000001000000010000111	9
10000111000000100000010000111	9
10001110000000010000001000111	9
111000001000001000000111000001	9
111000001000000010000111000001	9
110010001001000000000110010001	9
110010001000000100000110010001	9
110000101000000100000110000101	9
110000011000010000000110000011	9
110000011000001000000110000011	9
110000011000000100000110000011	9
110000011000000010000110000011	9
111000010000001000000101000011	9
101000011000001000000101000011	9
110010010000001000000100010011	9
100010011000001000000100010011	9
100010011000000000100100010011	9
110010001000000100000010010011	9
100000111000010000000100000111	9
100000111000000100000100000111	9
110000101000000100000010000111	9
110000010000001100000100000011000001	9
101000010000001010000100000010100001	9
100100010000001001000100000010010001	9
100010010000001000100100000010001001	9
100001010000001000010100000010000101	9
100000110000001000001100000010000011	9
1100000010000011000000100000110000001	9
1100000100000011000001000000100000011	9
1100000100000010000001100000100000011	9
1000000110000010000001100000100000011	9
1100000010000011000000100000010000011	9
1100000010000001000001100000010000011	9
